1.180000000000000000e+02 3.640000000000000000e+02
1.230000000000000000e+02 4.090000000000000000e+02
1.320000000000000000e+02 4.500000000000000000e+02
1.400000000000000000e+02 4.910000000000000000e+02
1.560000000000000000e+02 5.300000000000000000e+02
1.830000000000000000e+02 5.660000000000000000e+02
2.180000000000000000e+02 5.970000000000000000e+02
2.590000000000000000e+02 6.200000000000000000e+02
3.030000000000000000e+02 6.270000000000000000e+02
3.470000000000000000e+02 6.160000000000000000e+02
3.860000000000000000e+02 5.900000000000000000e+02
4.210000000000000000e+02 5.580000000000000000e+02
4.470000000000000000e+02 5.210000000000000000e+02
4.610000000000000000e+02 4.780000000000000000e+02
4.660000000000000000e+02 4.350000000000000000e+02
4.710000000000000000e+02 3.930000000000000000e+02
4.750000000000000000e+02 3.500000000000000000e+02
1.460000000000000000e+02 3.350000000000000000e+02
1.660000000000000000e+02 3.120000000000000000e+02
1.970000000000000000e+02 3.030000000000000000e+02
2.300000000000000000e+02 3.070000000000000000e+02
2.620000000000000000e+02 3.210000000000000000e+02
3.130000000000000000e+02 3.170000000000000000e+02
3.430000000000000000e+02 3.020000000000000000e+02
3.770000000000000000e+02 2.950000000000000000e+02
4.120000000000000000e+02 3.020000000000000000e+02
4.380000000000000000e+02 3.230000000000000000e+02
2.890000000000000000e+02 3.480000000000000000e+02
2.900000000000000000e+02 3.800000000000000000e+02
2.910000000000000000e+02 4.110000000000000000e+02
2.930000000000000000e+02 4.420000000000000000e+02
2.590000000000000000e+02 4.570000000000000000e+02
2.760000000000000000e+02 4.630000000000000000e+02
2.950000000000000000e+02 4.690000000000000000e+02
3.140000000000000000e+02 4.610000000000000000e+02
3.310000000000000000e+02 4.530000000000000000e+02
1.840000000000000000e+02 3.570000000000000000e+02
2.020000000000000000e+02 3.430000000000000000e+02
2.250000000000000000e+02 3.440000000000000000e+02
2.480000000000000000e+02 3.610000000000000000e+02
2.250000000000000000e+02 3.640000000000000000e+02
2.010000000000000000e+02 3.650000000000000000e+02
3.360000000000000000e+02 3.570000000000000000e+02
3.570000000000000000e+02 3.380000000000000000e+02
3.800000000000000000e+02 3.370000000000000000e+02
4.000000000000000000e+02 3.490000000000000000e+02
3.830000000000000000e+02 3.580000000000000000e+02
3.590000000000000000e+02 3.590000000000000000e+02
2.160000000000000000e+02 4.930000000000000000e+02
2.460000000000000000e+02 4.880000000000000000e+02
2.770000000000000000e+02 4.850000000000000000e+02
2.960000000000000000e+02 4.880000000000000000e+02
3.160000000000000000e+02 4.830000000000000000e+02
3.480000000000000000e+02 4.830000000000000000e+02
3.790000000000000000e+02 4.850000000000000000e+02
3.500000000000000000e+02 5.270000000000000000e+02
3.210000000000000000e+02 5.440000000000000000e+02
2.990000000000000000e+02 5.470000000000000000e+02
2.780000000000000000e+02 5.460000000000000000e+02
2.450000000000000000e+02 5.320000000000000000e+02
2.260000000000000000e+02 4.960000000000000000e+02
2.770000000000000000e+02 4.960000000000000000e+02
2.970000000000000000e+02 4.980000000000000000e+02
3.170000000000000000e+02 4.940000000000000000e+02
3.710000000000000000e+02 4.890000000000000000e+02
3.180000000000000000e+02 5.250000000000000000e+02
2.980000000000000000e+02 5.280000000000000000e+02
2.770000000000000000e+02 5.270000000000000000e+02
0.000000000000000000e+00 0.000000000000000000e+00
3.000000000000000000e+02 0.000000000000000000e+00
5.990000000000000000e+02 0.000000000000000000e+00
0.000000000000000000e+00 4.000000000000000000e+02
0.000000000000000000e+00 7.990000000000000000e+02
3.000000000000000000e+02 7.990000000000000000e+02
5.990000000000000000e+02 4.000000000000000000e+02
5.990000000000000000e+02 7.990000000000000000e+02
